1.215680e+03
1.025730e+03
9.725430e+02
9.497490e+02
9.378090e+02
9.307540e+02
9.262310e+02
9.209690e+02
6.562850e+03
4.861360e+03
4.340490e+03
4.101760e+03
3.970090e+03
3.889070e+03
3.835400e+03
3.797920e+03
1.875110e+04
1.281810e+04
1.093810e+04
1.004940e+04
9.545990e+03
9.229030e+03
9.014920e+03
4.051160e+04
2.625150e+04
2.165530e+04
1.944560e+04
1.817410e+04
1.736210e+04
7.457810e+04
4.652500e+04
3.739530e+04
3.296090e+04
3.038370e+04
1.236850e+05
7.500430e+04
5.906590e+04
5.127250e+04
4.471470e+03
5.875610e+03
6.678150e+03
1.082990e+04
3.888630e+03
7.065180e+03
3.933000e+03
9.850000e+03
8.727000e+03
4.621000e+03
6.092000e+06
3.697000e+06
1.576000e+06
2.326000e+03
5.200000e+03
3.467000e+03
1.040300e+04
6.584000e+03
6.548000e+03
5.755000e+03
1.217000e+06
2.054000e+06
2.141000e+03
5.721000e+05
6.300000e+03
6.363000e+03
5.577000e+03
6.317000e+05
1.455300e+06
3.727000e+03
7.325000e+03
2.471000e+03
1.661000e+03
5.007000e+03
4.959000e+03
4.363000e+03
2.321000e+03
8.833000e+05
5.180000e+05
1.281000e+05
1.555000e+05
3.601400e+05
3.869000e+03
3.968000e+03
3.343000e+03
1.815000e+03
4.720000e+03
2.798000e+03
3.481400e+05
1.033000e+04
6.731000e+03
6.720000e+03
6.716000e+03
4.070000e+03
4.078000e+03
1.867000e+05
3.347000e+05
9.532000e+03
9.069000e+03
6.312000e+03
3.722000e+03
1.051000e+05
6.980000e+04
7.135000e+03
7.751000e+03
5.192000e+03
3.109000e+03
2.183000e+05
9.000000e+04
7.331000e+03
