920.969
926.231
930.754
937.809
949.749
972.543
1025.73
1215.68
1661.0
1815.0
2141.0
2321.0
2326.0
2471.0
2798.0
3109.0
3343.0
3467.0
3722.0
3727.0
3797.92
3835.4
3869.0
3888.63
3889.07
3933.0
3968.0
3970.09
4070.0
4078.0
4101.76
4340.49
4363.0
4471.47
4621.0
4720.0
4861.36
4959.0
5007.0
5192.0
5200.0
5577.0
5755.0
5875.61
6300.0
6312.0
6363.0
6548.0
6562.85
6584.0
6678.15
6716.0
6720.0
6731.0
7065.18
7135.0
7325.0
7331.0
7751.0
8727.0
9014.92
9069.0
9229.03
9532.0
9545.99
9850.0
10049.4
10330.0
10403.0
10829.9
10938.1
12818.1
17362.1
18174.1
18751.1
19445.6
21655.3
26251.5
30383.7
32960.9
37395.3
40511.6
46525.0
51272.5
59065.9
69800.0
74578.1
75004.3
90000.0
105100.0
123685.0
128100.0
155500.0
186700.0
218300.0
334700.0
348140.0
360140.0
518000.0
572100.0
631700.0
883300.0
1217000.0
1455300.0
1576000.0
2054000.0
3697000.0
6092000.0
