917.4730
917.7260
917.9700
918.1470
918.4930
918.7040
919.9120
920.2430
920.9690
922.5090
922.9690
923.1560
923.4380
924.0090
926.2310
927.4720
928.1860
929.0140
930.7540
934.5010
935.6720
937.8090
942.2580
943.9390
946.1000
946.3870
948.5060
949.7490
950.6610
952.1180
953.9000
954.1000
959.3060
963.8280
967.2020
969.0490
972.5430
973.5770
976.7910
977.0000
980.7000
981.2580
991.0000
993.3540
1001.7300
1007.3400
1011.2900
1020.1800
1024.0300
1025.7300
1033.0600
1035.7400
1036.8000
1040.0800
1071.3200
1085.0000
1086.2700
1092.5000
1095.6900
1121.3000
1125.7900
1131.1200
1140.1000
1154.4200
1176.0000
1179.5900
1197.5600
1198.8500
1200.0000
1207.0000
1215.2300
1215.6800
1247.5000
1256.0000
1257.6400
1263.3200
1307.6600
1307.6800
1314.7700
1324.1100
1335.0000
1341.1700
1357.0000
1375.7300
1394.0000
1400.3700
1403.0000
1406.0000
1417.0000
1472.7400
1484.9700
1485.0000
1486.0000
1531.0000
1548.0000
1551.0000
1561.3300
1577.1000
1640.0000
1656.0000
1661.0000
1666.0000
1670.7900
1720.0000
1742.0000
1744.2400
1749.0000
1751.0000
1751.8300
1752.0000
1754.0000
1786.0000
1813.9900
1815.0000
1828.0000
1855.0000
1863.0000
1883.0000
1892.0000
1907.0000
1910.0000
2061.0990
2141.0000
2297.6080
2321.0000
2324.0000
2325.0000
2327.0000
2328.0000
2329.0000
2336.7160
2344.7180
2400.7310
2471.0000
2590.5150
2660.0000
2670.0000
2795.5300
2802.7100
2829.9120
2853.8380
2854.8390
2945.9610
3109.0000
3188.6620
3343.0000
3448.5780
3614.6710
3722.0000
3726.0000
3729.0000
3797.9200
3820.6840
3835.4000
3868.0960
3868.5660
3869.0000
3888.6300
3889.0700
3965.8520
3968.0000
3970.0900
4027.3280
4042.1420
4052.1440
4070.1490
4070.0000
4075.1500
4076.1510
4078.0000
4095.1560
4101.7600
4112.1600
4121.9730
4144.9290
4153.1710
4170.1450
4189.1800
4240.1940
4268.2010
4279.2040
4295.2080
4301.2100
4340.4900
4343.2210
4363.0000
4380.2300
4389.1630
4438.7960
4471.4700
4608.2910
4650.3020
4659.8540
4670.3070
4687.3220
4703.3460
4712.3180
4714.3390
4741.3260
4756.5200
4861.3600
4914.3720
4923.3040
4932.3760
4959.0000
5006.3960
5007.0000
5017.0790
5049.0470
5192.0000
5199.4470
5200.0000
5272.3670
5325.4810
5518.0000
5538.0000
5577.0000
5680.5760
5755.0000
5829.6160
5875.6100
5893.5730
6300.0000
6312.0000
6363.0000
6548.0000
6562.8500
6578.8170
6584.0000
6678.1500
6716.0000
6721.8550
6731.0000
6802.8770
7065.1800
7135.0000
7172.9770
7238.9940
7265.0010
7269.0020
7283.3560
7308.0130
7323.0000
7332.0000
7534.0740
7751.0000
7775.1390
7951.6870
7981.1950
8049.2130
8364.0280
8579.0000
8619.3170
9014.9200
9069.0000
9124.0000
9229.0300
9266.5420
9466.1660
9532.0000
9545.9900
9606.0740
9850.0000
9905.7150
10049.4000
10126.9750
10291.8200
10314.1260
10325.8290
10330.0000
10341.8330
10375.8430
10670.7230
10832.0660
10829.9000
10830.3000
10915.9890
10920.0900
10938.1000
10999.6120
11016.1160
11048.0250
11473.1400
11893.2540
11972.4760
12530.8270
12566.8000
12788.3970
12793.9990
12818.1000
12849.6140
12971.9470
12988.4520
13209.1110
13415.3680
13721.8510
15087.8220
16404.4800
16439.9900
17007.3440
17362.1000
18098.9410
18174.1000
18690.5020
18702.3050
18751.1000
19094.6120
19445.6000
19548.3350
20586.9180
21123.7640
21136.0670
21655.3000
24734.1470
26192.1440
26205.6480
26240.9570
26251.5000
30383.7000
32960.9000
37036.0970
37395.3000
37510.2270
40377.4080
40409.3160
40490.1380
40490.3380
40511.6000
42957.6110
46212.5970
46525.0000
51272.5000
53401.6560
59065.9000
59816.3040
69800.0000
73219.9560
74537.7150
74561.4220
74561.5220
74578.1000
75004.3000
87600.3750
90000.0000
105100.0000
113086.8200
117031.8950
123685.0000
128100.0000
144000.0000
155500.0000
162090.1750
178898.7550
179358.8810
186700.0000
190617.9490
204055.6110
218300.0000
229253.4780
245192.8220
258870.5490
259882.8250
278032.7710
328700.0000
330361.0320
333090.7760
334700.0000
348140.0000
353486.3340
360140.0000
388696.9300
513004.8070
516796.8400
518000.0000
572100.0000
606400.0000
631700.0000
883300.0000
1217000.0000
1455300.0000
1576000.0000
2054000.0000
