923.15
926.25
930.75
937.81
949.74
972.52
1025.73
1215.67
1640.42
1661.24
1666.15
1812.20
1854.72
1862.79
1906.68
1908.73
2142.30
2321.66
2324.21
2325.40
2326.11
2327.64
2328.83
2471.09
2661.15
2669.95
2796.35
2803.53
3109.98
3343.50
3722.75
3727.10
3729.86
3798.99
3836.49
3869.86
3889.75
3890.17
3968.59
3971.20
4069.75
4077.50
4102.89
4341.69
4364.44
4472.73
4622.86
4725.47
4862.71
4960.30
5008.24
5193.27
5201.70
5519.24
5539.41
5578.89
5756.19
5877.25
6302.05
6313.81
6365.53
6549.86
6564.60
6585.27
6679.99
6718.29
6732.67
7067.14
7137.77
7321.94
7332.21
7334.17
7753.19
8581.06
8729.53
9017.80
9071.10
9126.10
9232.20
9533.20
9548.80
9852.96
10052.60
10323.32
10832.06
10833.31
10941.17
12570.21
12821.58
17366.88
18179.20
18756.40
19450.89
21661.18
26258.71
30392.02
32969.80
37405.76
40522.79
46537.80
51286.50
59082.20
69852.74
74599.00
75024.40
89913.80
105105.00
123719.12
128135.48
143678.00
155551.00
187130.00
218302.00
328709.00
334800.00
348140.00
360135.00
518145.00
573300.00
606420.00
631852.00
883564.00
1218000.00
1455350.00
1576429.62
2053000.00
3703700.00
6097000.00
